#z-coord	CCo.1	CCo.2	CCo.3	CCo_average	Cco_std	SEM
10	1.2769	1.21557106	1.055502965	1.18265800833333	0.114309288792326	0.065996498655124
10.1	0.9561	0.89611706	0.756310965	0.869509341666667	0.102517767400277	0.059188660605269
10.2	0.7272	0.68232806	0.546362965	0.651963675	0.094164776929694	0.05436605930854
10.3	0.5642	0.53526206	0.406395965	0.501952675	0.08400990841787	0.048503143239653
10.4	0.4619	0.43934306	0.310271965	0.403838341666667	0.081812004115761	0.047234182599178
10.5	0.406	0.38514406	0.267185965	0.352776675	0.074853655802833	0.043216778327593
10.6	0.403	0.38269606	0.272012965	0.352569675	0.070498937150846	0.040702580341624
10.7	0.4528	0.42564506	0.327231965	0.401892341666667	0.06606796935435	0.038144359891546
10.8	0.5404	0.50795706	0.419454965	0.489270675	0.062600408234004	0.036142362545283
10.9	0.6528	0.61644806	0.523445965	0.597564675	0.066712467084414	0.03851646082949
11	0.7651	0.73240506	0.631966965	0.709824008333333	0.069379601994083	0.040056331887553
11.1	0.8721	0.83328306	0.725536965	0.810306675	0.075934949185826	0.043841063353337
11.2	0.9436	0.90258406	0.795537965	0.880574008333333	0.076445557966845	0.044135863470509
11.3	0.9887	0.93767106	0.833170965	0.919847341666667	0.079281674322805	0.045773296012076
11.4	0.9989	0.93920406	0.837248965	0.925117675	0.081740956447298	0.047193163208665
11.5	0.9786	0.90878306	0.811214965	0.899532675	0.084075053984366	0.048540755050006
11.6	0.9227	0.85382806	0.750006965	0.842178341666667	0.086933929149167	0.050191327395983
11.7	0.8326	0.77014606	0.663983965	0.755576675	0.085246947448217	0.049217348056822
11.8	0.7307	0.67297306	0.560891965	0.654855008333333	0.086341705072273	0.049849406665768
11.9	0.6204	0.56241506	0.445212965	0.542676008333333	0.089245991106309	0.051526196989322
12	0.5075	0.44962306	0.337881965	0.431668341666667	0.086222667449675	0.049780680262318
12.1	0.4212	0.35258306	0.250977965	0.341587008333333	0.085642105089012	0.049445492427107
12.2	0.3433	0.27850006	0.183598965	0.268466341666667	0.08032192585286	0.046373885512978
12.3	0.2916	0.23094706	0.138625965	0.220391008333333	0.077031399546791	0.044474099264393
12.4	0.2651	0.21390506	0.118588965	0.199198008333333	0.074354514797269	0.042928599133667
12.5	0.2586	0.21942456	0.121011465	0.199678675	0.070887772018074	0.040927074256888
12.6	0.2521	0.22494406	0.123433965	0.200159341666667	0.067819236487905	0.039155454442527
12.7	0.2616	0.23547406	0.141321965	0.212798675	0.06326398058563	0.036525476221121
12.8	0.2901	0.26785706	0.174392965	0.244116675	0.061398158743435	0.035448243478269
12.9	0.3368	0.31587706	0.213893965	0.288857008333333	0.065757400753887	0.037965053026467
13	0.3866	0.37013606	0.259033965	0.338590008333333	0.069387595096114	0.040060946707162
13.1	0.444	0.41907806	0.320994965	0.394691008333333	0.065027731588779	0.037543778337572
13.2	0.5006	0.47145206	0.391253965	0.454435341666667	0.056624335489984	0.032692075337826
13.3	0.5594	0.53829606	0.468462965	0.522053008333333	0.047594785735754	0.02747886235656
13.4	0.6218	0.59722006	0.538062965	0.585694341666667	0.043041891163985	0.024850247449957
13.5	0.6762	0.65738006	0.601250965	0.644943675	0.03899150184026	0.022511754083582
13.6	0.7227	0.71550306	0.659562965	0.699255341666667	0.034562444364184	0.019954636557513
13.7	0.773	0.75502006	0.713171965	0.747064008333333	0.030697272054408	0.017723078283999
13.8	0.8013	0.78662006	0.750918965	0.779613008333333	0.025911122162352	0.014959793355439
13.9	0.8138	0.80368106	0.764101965	0.793861008333333	0.026264019718377	0.015163538854407
14	0.8079	0.80198006	0.768260965	0.792713675	0.021382532407528	0.012345210841442
14.1	0.7958	0.79345206	0.765434965	0.784895675	0.016894307646038	0.009753933067212
14.2	0.7777	0.78025206	0.755084965	0.771012341666667	0.013852409471724	0.007997692337425
14.3	0.7558	0.76656406	0.732859965	0.751741341666667	0.017214704050384	0.009938914017509
14.4	0.7331	0.74332606	0.711513965	0.729313341666667	0.016240579825619	0.009376503134117
14.5	0.6918	0.71284806	0.692726965	0.699125008333333	0.011893545573642	0.006866741738561
14.6	0.6495	0.68198706	0.675888965	0.669125341666667	0.017267374360548	0.00996932323526
14.7	0.6066	0.65167706	0.659229965	0.639169008333333	0.028457280638658	0.016429818637134
14.8	0.5744	0.62553806	0.635767965	0.611902008333333	0.032878004970684	0.018982125020242
14.9	0.5602	0.61581706	0.632675965	0.602897675	0.037925904831052	0.021896531363468
15	0.5597	0.60791256	0.626253965	0.597955508333333	0.034376077768192	0.019847037753149
15.1	0.5592	0.60000806	0.619831965	0.593013341666667	0.030915260929876	0.017848934219931
15.2	0.5546	0.59624806	0.612744965	0.587864341666667	0.029965384838715	0.017300523003003
15.3	0.5576	0.60458106	0.629768965	0.597316675	0.036628791194414	0.021147642456186
15.4	0.5692	0.61789706	0.644911965	0.610669675	0.038369932649068	0.022152890943727
15.5	0.5867	0.64156806	0.662715965	0.630328008333333	0.039234688794768	0.022652158137231
15.6	0.6062	0.66599306	0.675014965	0.649069341666667	0.037398984393394	0.021592313706945
15.7	0.6248	0.69058706	0.683593965	0.666327008333333	0.036133020358909	0.02086140903085
15.8	0.6478	0.70857306	0.702605965	0.686326341666667	0.033497922433299	0.019340034534158
15.9	0.6629	0.72497906	0.716806965	0.701562008333333	0.033730682626465	0.01947441869434
16	0.6791	0.74030906	0.731919965	0.717109675	0.033183516599872	0.019158512241595
16.1	0.7049	0.76052306	0.745302965	0.736908675	0.028745943703312	0.016596478335217
16.2	0.7281	0.76646206	0.760155965	0.751572675	0.020571012670235	0.011876679702664
16.3	0.7507	0.77787806	0.764384965	0.764321008333333	0.013589142878869	0.007845695299171
16.4	0.7636	0.79259106	0.767011965	0.774401008333333	0.015845152603156	0.009148203120783
16.5	0.7786	0.79830106	0.766946965	0.781282675	0.015848261014508	0.009149997762914
16.6	0.7884	0.79860306	0.762643965	0.783215675	0.018531649888339	0.01069925305156
16.7	0.7909	0.80432506	0.760234965	0.785153341666667	0.022599827007685	0.013048016206526
16.8	0.7896	0.80740006	0.757286965	0.784762341666667	0.025404384980399	0.01466722850703
16.9	0.7932	0.81534306	0.756000965	0.788181341666667	0.029987685111514	0.017313398071506
17	0.7916	0.82154206	0.750929965	0.788024008333333	0.035441610817968	0.020462223546268
17.1	0.786	0.81691106	0.745893965	0.782935008333333	0.035607619633968	0.020558068780873
17.2	0.7799	0.82433706	0.740705965	0.781647675	0.041842929972147	0.024158026883102
17.3	0.7715	0.83407406	0.735417965	0.780330675	0.049917350549473	0.028819795776971
17.4	0.7674	0.84761906	0.743758965	0.786259341666667	0.054437908753251	0.03142974127281
17.5	0.77015	0.84656856	0.740770965	0.785829841666667	0.054613879673255	0.031531338130844
17.6	0.7729	0.84551806	0.737782965	0.785400341666667	0.054944577348473	0.031722266522651
17.7	0.7778	0.82938606	0.730341965	0.779176008333333	0.049536382970422	0.028599844042654
17.8	0.7796	0.83048906	0.732246965	0.780778675	0.04913165235939	0.028366172715425
17.9	0.7802	0.83302606	0.732346965	0.781857675	0.05036001347606	0.029075367336797
18	0.7785	0.83652806	0.739564965	0.784864341666667	0.04879384266106	0.028171138195159
18.1	0.7854	0.83020806	0.746534965	0.787381008333333	0.041871708852545	0.024174642377447
18.2	0.7852	0.83034106	0.758526965	0.791356008333333	0.036300666510648	0.020958199581686
18.3	0.7927	0.82851006	0.758652965	0.793287675	0.034932255178974	0.020168146930982
18.4	0.8025	0.81579306	0.757130965	0.791808008333333	0.030757915433223	0.017758090755083
18.5	0.8095	0.80845306	0.759977965	0.792643675	0.02829417746099	0.016335650973602
18.6	0.7973	0.80266906	0.763009965	0.787659675	0.021515409678507	0.012421927569611
18.7	0.7934	0.79628606	0.768610965	0.786099008333333	0.015213680695424	0.008783622644868
18.8	0.7959	0.78229906	0.770037965	0.782745675	0.012936800698162	0.007469065365537
18.9	0.7987	0.77590606	0.768705965	0.781104008333333	0.015658050135707	0.009040179460835
19	0.8012	0.76698706	0.763426965	0.777204675	0.020856660458807	0.012041598530289
19.1	0.8065	0.75436606	0.761234965	0.774033675	0.028325644886374	0.016353818700118
19.2	0.8098	0.74904806	0.763061965	0.773970008333333	0.031810982544749	0.018366079335397
19.3	0.815	0.74242606	0.756656965	0.771361008333333	0.038456480072184	0.022202859121761
19.4	0.8168	0.73030006	0.744313965	0.763804675	0.046427101322708	0.026804699446359
19.5	0.8175	0.73036206	0.744624965	0.764162341666667	0.046739030393476	0.026984791779336
19.6	0.8182	0.72630606	0.740276965	0.761594341666667	0.049517138075037	0.028588732997123
19.7	0.8175	0.72500706	0.733949965	0.758819008333333	0.051015566003891	0.029453850765207
19.8	0.8177	0.72425706	0.732096965	0.758018008333333	0.05183455531378	0.029926694463735
19.9	0.8237	0.73586506	0.744605965	0.768057008333333	0.048386028420065	0.027935686533341
20	0.8237	0.74003006	0.753973965	0.772568008333333	0.044827096164176	0.025880936037377
20.1	0.8237	0.74419506	0.763341965	0.777079008333333	0.0414944410826	0.023956826728912
20.2	0.8096	0.74581506	0.763030965	0.772815341666667	0.032998941843146	0.019051947956113
20.3	0.8079	0.74535806	0.765685965	0.772981341666667	0.031902828327161	0.018419106522597
20.4	0.8048	0.75205206	0.772988965	0.776613675	0.026560123973713	0.015334494725933
20.5	0.7985	0.76215906	0.767036965	0.775898675	0.019724690317315	0.011388055264384
20.6	0.7973	0.76810206	0.771014965	0.778805675	0.016082639608876	0.009285316307464
20.7	0.7947	0.77415506	0.766934965	0.778596675	0.014405563161292	0.008317055769
20.8	0.7924	0.77069706	0.760072965	0.774390008333333	0.016476883762329	0.009512933275587
20.9	0.7917	0.77389706	0.755983965	0.773860341666667	0.017858045811547	0.010310347556497
21	0.7885	0.78651206	0.749693965	0.774902008333333	0.021853422223586	0.012617079203502
21.1	0.789	0.78959906	0.743512965	0.774037341666667	0.026436582539869	0.015263168045847
21.2	0.7759	0.79081906	0.733151965	0.766623675	0.029931774347071	0.017281117976605
21.3	0.7664	0.79126006	0.736141965	0.764600675	0.027603066441049	0.015936637840199
21.4	0.7482	0.79396606	0.742238965	0.761468341666667	0.028301232432923	0.016339724163546
21.5	0.7375	0.79596206	0.751057965	0.761506675	0.030599587748187	0.017666680223507
21.6	0.7239	0.79281206	0.748686965	0.755133008333333	0.034905323510208	0.02015259792477
21.7	0.7129	0.78914206	0.746943965	0.749662008333333	0.038193634913848	0.022051105398841
21.8	0.7145	0.78450706	0.747392965	0.748800008333333	0.035024733270466	0.020221539181999
21.9	0.7206	0.78197806	0.750413965	0.750997341666667	0.030693188309335	0.017720720532683
22	0.7174	0.77933906	0.753271965	0.750003675	0.031098602509823	0.017954786530468
22.1	0.7178	0.78399506	0.765455965	0.755750341666667	0.034148145415488	0.019715440947958
22.2	0.7123	0.78971606	0.770382965	0.757466341666667	0.040291946530694	0.02326256617567
22.3	0.7125	0.80130606	0.770564965	0.761457008333333	0.045098173235313	0.026037442457368
22.4	0.7238	0.80992906	0.773685965	0.769138341666667	0.043244241265252	0.024967074335394
22.5	0.72675	0.80859106	0.769216465	0.768185841666667	0.040930262811547	0.023631098252249
22.6	0.7297	0.80725306	0.764746965	0.767233341666667	0.038836269523955	0.022422130663977
22.7	0.7262	0.79662206	0.748147965	0.756990008333333	0.03603405238649	0.020804269845333
22.8	0.7249	0.78955406	0.735705965	0.750053341666667	0.034632676499692	0.019995185099854
22.9	0.725	0.78566706	0.737521965	0.749396341666667	0.032029262529401	0.018492103343295
23	0.718	0.78634806	0.741019965	0.748456008333333	0.034775499734473	0.020077644132902
23.1	0.7197	0.78295206	0.746137965	0.749596675	0.031767558604793	0.018341008511975
23.2	0.7183	0.78269806	0.750443965	0.750480675	0.032199045694849	0.01859012769957
23.3	0.7166	0.78837706	0.744126965	0.749701341666667	0.036211763861725	0.020906871613398
23.4	0.7139	0.78628306	0.739640965	0.746608008333333	0.036691029058168	0.021183575503578
23.5	0.7162	0.78634106	0.741686965	0.748076008333333	0.035504323405993	0.020498430675845
23.6	0.7126	0.78334706	0.742148965	0.746032008333333	0.035533014842641	0.020514995684518
23.7	0.7199	0.78349606	0.743121965	0.748839341666667	0.032181221369648	0.018579836820617
23.8	0.7209	0.78525706	0.737830965	0.747996008333333	0.033360963301999	0.019260961142834
23.9	0.7148	0.78260106	0.727898965	0.741766675	0.035964996451605	0.020764400382738
24	0.7117	0.77614506	0.731273965	0.739706341666667	0.033039675721582	0.019075465671793
24.1	0.7174	0.76818006	0.728299965	0.737960008333333	0.026732769241182	0.015434171517581
24.2	0.7201	0.76559906	0.724271965	0.736657008333333	0.025151204523786	0.014521054702251
24.3	0.7172	0.76303006	0.725566965	0.735265675	0.02440588723339	0.01409074556401
24.4	0.716	0.76593606	0.728177965	0.736704675	0.026037110239982	0.015032532605974
24.5	0.7149	0.76499806	0.726234965	0.735377675	0.026270625488347	0.015167352697477
24.6	0.7094	0.75608006	0.725007965	0.730162675	0.023763107473329	0.013719636496508
24.7	0.7021	0.75513806	0.725542965	0.727593675	0.026578431307528	0.015345064470039
24.8	0.7043	0.75319506	0.731955965	0.729817008333333	0.0245176074448	0.014155247258141
24.9	0.709	0.75151806	0.736521965	0.732346675	0.021564348853582	0.012450182615515
25	0.7078	0.74121206	0.735266965	0.728093008333333	0.017823879461338	0.010290621605007
25.1	0.7066	0.73090606	0.734011965	0.723839341666667	0.015010257735706	0.008666176344315
25.2	0.6937	0.71886806	0.729959965	0.714176008333333	0.018579767950174	0.010727034027514
25.3	0.6941	0.71582406	0.729180965	0.713035008333333	0.017706005569645	0.010222567081908
25.4	0.6863	0.70905206	0.729097965	0.708150008333333	0.021413237142999	0.012362938228732
25.5	0.6822	0.70259006	0.727704965	0.704165008333333	0.022793328115971	0.013159734123483
25.6	0.6823	0.70454206	0.725715965	0.704186008333333	0.02171017235796	0.012534373855021
25.7	0.6807	0.70399006	0.727725965	0.704138675	0.023513334745607	0.013575430144922
25.8	0.6794	0.69449206	0.720999965	0.698297341666667	0.021059425405797	0.012158664927016
25.9	0.6704	0.68854106	0.720890965	0.693277341666667	0.025576525559139	0.014766613916505
26	0.6666	0.68188106	0.720017965	0.689499675	0.027511855936559	0.015883977430879
26.1	0.6616	0.68013206	0.720791965	0.687508008333333	0.030277477446153	0.017480709753919
26.2	0.6474	0.67877706	0.719435965	0.681871008333333	0.036117508920014	0.020852453497429
26.3	0.6325	0.67108306	0.714006965	0.672530008333334	0.04077274310722	0.023540154208553
26.4	0.6237	0.66354806	0.704788965	0.664012341666667	0.040546476163686	0.023409518927795
26.5	0.6212	0.65928406	0.706738965	0.662407675	0.042854945587633	0.024742314371127
26.6	0.6157	0.65109006	0.704509965	0.657100008333333	0.044708970912473	0.025812736391507
26.7	0.6106	0.64973906	0.700364965	0.653568008333333	0.045004809402633	0.025983538823438
26.8	0.6124	0.64793006	0.691291965	0.650540675	0.039510720297142	0.022811524999431
26.9	0.6085	0.64341806	0.691675965	0.647864675	0.041765890115488	0.024113547901121
27	0.6092	0.64203706	0.689713965	0.646983675	0.040484273366012	0.023373606125813
27.1	0.6008	0.64198906	0.683206965	0.641998675	0.041203483341387	0.0237888421987
27.2	0.5931	0.64203606	0.682754965	0.639297008333333	0.044890199267906	0.025917368631302
27.3	0.5879	0.63815406	0.681154965	0.635736341666667	0.046674469956737	0.026947517793805
27.4	0.5944	0.64161506	0.685825965	0.640613675	0.045721207857886	0.026397151664425
27.5	0.59695	0.63676556	0.684616465	0.639444008333333	0.043894564988217	0.025342538911909
27.6	0.5995	0.63191606	0.683406965	0.638274341666667	0.042313301728798	0.024429596143424
27.7	0.596	0.62501106	0.676362965	0.632458008333333	0.04069575304018	0.023495703972622
27.8	0.5935	0.61460506	0.676417965	0.628174341666667	0.043092241571393	0.024879317271228
27.9	0.5943	0.60627306	0.680292965	0.626955341666667	0.046578053722513	0.026891851855022
28	0.5886	0.60320306	0.676831965	0.622878341666667	0.047292255639135	0.027304196523839
28.1	0.578	0.60441406	0.671124965	0.617846341666667	0.047993587276243	0.027709110533315
28.2	0.5683	0.60418506	0.663656965	0.612047341666667	0.048162218576985	0.027806469860192
28.3	0.5639	0.59657006	0.652768965	0.604413008333333	0.044950607492695	0.025952245336145
28.4	0.5642	0.58977806	0.646909965	0.600296008333333	0.042346251374027	0.024448619629966
28.5	0.5668	0.58051606	0.646855965	0.598057341666667	0.042813687121087	0.02471849378436
28.6	0.5583	0.57134406	0.649230965	0.592958341666667	0.0491680076669	0.028387162462002
28.7	0.554	0.55680506	0.644733965	0.585179675	0.051594594517779	0.029788153033569
28.8	0.5601	0.55037306	0.646915965	0.585796341666667	0.053154111861147	0.030688540791569
28.9	0.5619	0.54505106	0.650476965	0.585809341666667	0.056633892904049	0.032697593313409
29	0.5569	0.54107506	0.646721965	0.581565675	0.056979064369503	0.032896878151906
29.1	0.5466	0.54038106	0.642392965	0.576458008333333	0.057185948332237	0.033016322663481
29.2	0.5423	0.53734506	0.637376965	0.572340675	0.056377540921221	0.032549588427116
29.3	0.5419	0.52808406	0.625380965	0.565121675	0.052641301019247	0.030392469313955
29.4	0.5392	0.51275906	0.620772965	0.557577341666667	0.056303160953781	0.032506645132892
29.5	0.5397	0.51119706	0.615721965	0.555539675	0.054032725448509	0.031195808582746
29.6	0.5373	0.50443506	0.607153965	0.549629675	0.05245768795233	0.030286460260343
29.7	0.5374	0.50329506	0.600969965	0.547221675	0.049572630972584	0.028620771836459
29.8	0.5436	0.48845606	0.596668965	0.542908341666667	0.054109768023642	0.031240289134238
29.9	0.5472	0.48911806	0.601135965	0.545818008333333	0.056021738511691	0.032344165810196
30	0.54305	0.48033406	0.601001465	0.541461841666667	0.060349377316815	0.03484272923929
30.1	0.5389	0.47155006	0.600866965	0.537105675	0.06467712255001	0.037341354114659
30.2	0.5273	0.45326806	0.593653965	0.524740675	0.070227937382562	0.040546118552454
30.3	0.5225	0.43502306	0.592795965	0.516773008333333	0.079042211591006	0.045635042139411
30.4	0.5183	0.42632806	0.590844965	0.511824341666667	0.082449400366724	0.047602183496251
30.5	0.5132	0.42375906	0.600402965	0.512454008333333	0.088324315287962	0.050994067207494
30.6	0.502	0.42493606	0.610044965	0.512327008333333	0.092985547282426	0.053685230754254
30.7	0.4952	0.42329006	0.608259965	0.508916675	0.093244714695896	0.053834861130185
30.8	0.491	0.41646806	0.601556965	0.503008341666667	0.093126934292461	0.053766860582557
30.9	0.4923	0.40867806	0.590637965	0.497205341666667	0.091079078495296	0.052584530486802
31	0.4933	0.39758606	0.588957965	0.493281341666667	0.095685953864359	0.055244311221254
31.1	0.4918	0.38802106	0.580014965	0.486612008333333	0.096102036047304	0.055484536381582
31.2	0.4784	0.38125706	0.579243965	0.479633675	0.098999217690717	0.057157224983298
31.3	0.4725	0.37529806	0.586791965	0.478196675	0.105861971654504	0.061119437831672
31.4	0.4695	0.37319106	0.584820965	0.475837341666667	0.105957187567089	0.061174410764435
31.5	0.4629	0.36890206	0.578920965	0.470241008333333	0.105201724875889	0.060738244176308
31.6	0.4504	0.36023606	0.584283965	0.464973341666667	0.11273266008226	0.065086231644955
31.7	0.4416	0.35518806	0.586033965	0.460940675	0.116631917783722	0.067337469128535
31.8	0.4374	0.35265706	0.574591965	0.454883008333333	0.111995612412395	0.064660696974353
31.9	0.432	0.35563406	0.577276965	0.454970341666667	0.112592725259771	0.065005440237523
32	0.429	0.35473006	0.579978965	0.454569675	0.114780762807314	0.066268704304594
32.1	0.4303	0.34926706	0.576593965	0.452053675	0.115214136355848	0.066518912639499
32.2	0.4269	0.34699606	0.573691965	0.449196008333333	0.114980834605783	0.066384215811296
32.3	0.4328	0.34954106	0.565629965	0.449323675	0.108987969944641	0.062924233785969
32.4	0.4375	0.35076206	0.563243965	0.450502008333333	0.106835991845596	0.061681788651196
32.5	0.438	0.35601956	0.559574965	0.451198175	0.10241750140321	0.059130772004872
32.6	0.4385	0.36127706	0.555905965	0.451894341666667	0.098003361967268	0.05658226741329
32.7	0.4306	0.35758006	0.535629965	0.441270008333333	0.089503234444361	0.051674716499794
32.8	0.4231	0.35109706	0.527283965	0.433827008333333	0.08858192763881	0.051142799767603
32.9	0.4209	0.34619006	0.525429965	0.430840008333333	0.090032431436413	0.051980248525609
33	0.4164	0.33602106	0.520260965	0.424227341666667	0.092369021358772	0.05332927934627
33.1	0.4136	0.33418306	0.514651965	0.420811675	0.090450332283547	0.052221523692197
33.2	0.4095	0.33597806	0.517416965	0.420965008333333	0.091261184925259	0.052689669683163
33.3	0.3968	0.33714106	0.514092965	0.416011341666667	0.090026667756045	0.051976920863198
33.4	0.3953	0.33284006	0.510719965	0.412953341666667	0.090244365501134	0.052102608714927
33.5	0.3898	0.32653406	0.508408965	0.408247675	0.092330156513834	0.053306840717582
33.6	0.3828	0.32272306	0.507378965	0.404300675	0.094186836033142	0.054378795137854
33.7	0.3798	0.32535006	0.504231965	0.403127341666667	0.091694098152675	0.052939612251547
33.8	0.3777	0.32302606	0.498329965	0.399685341666667	0.089696049039031	0.051786038057931
33.9	0.3786	0.32195306	0.489812965	0.396788675	0.0853953034443	0.049303001431096
34	0.3775	0.32356806	0.490265965	0.397111341666667	0.085061750653994	0.049110424637825
34.1	0.3714	0.31990506	0.490821965	0.394042341666667	0.087679266824075	0.050621648303229
34.2	0.3612	0.31699206	0.487026965	0.388406341666667	0.088221913376169	0.050934945436155
34.3	0.3579	0.30733106	0.487067965	0.384099675	0.092688488941853	0.053513724041358
34.4	0.3559	0.29282006	0.483340965	0.377353675	0.097055391085498	0.056034956169517
34.5	0.3536	0.29168806	0.482978965	0.376089008333333	0.097608243533998	0.056354145679481
34.6	0.3519	0.29011306	0.476247965	0.372753675	0.094803520691976	0.054734838191637
34.7	0.3439	0.28313706	0.468465965	0.365167675	0.094477173206304	0.054546421382935
34.8	0.3374	0.27747706	0.467650965	0.360842675	0.097230128016495	0.056135840583665
34.9	0.3441	0.27852206	0.465828965	0.362817008333333	0.095045851913076	0.054874748187372
35	0.339	0.27492606	0.461226465	0.358384175	0.094650778687309	0.054646652554126
35.1	0.3339	0.27133006	0.456623965	0.353951341666667	0.094260278137253	0.054421196956432
35.2	0.3167	0.27030606	0.441626965	0.342877675	0.088609627715102	0.051158792414107
35.3	0.3049	0.26910606	0.428283965	0.334096675	0.083508896132921	0.04821388366207
35.4	0.3027	0.25518306	0.423668965	0.327184008333333	0.086870449774174	0.050154677561743
35.5	0.2984	0.25160806	0.419723965	0.323244008333333	0.0867678393245	0.050095435391003
35.6	0.2942	0.25063006	0.413240965	0.319357008333333	0.08417382554834	0.048597780839055
35.7	0.289	0.24995406	0.411075965	0.316676675	0.084050971570821	0.048526851062063
35.8	0.2858	0.24316206	0.405659965	0.311540675	0.084251581851257	0.048642673461475
35.9	0.2845	0.23928306	0.399787965	0.307857008333333	0.082762422094676	0.047782906675147
36	0.2857	0.23135306	0.397951965	0.305001675	0.084960077566784	0.049051723653554
36.1	0.2804	0.22616206	0.394646965	0.300403008333333	0.086005122289328	0.04965508050543
36.2	0.2812	0.22286706	0.390797965	0.298288341666667	0.085259637456521	0.049224674636532
36.3	0.2827	0.21346806	0.383484965	0.293217675	0.085495047295144	0.049360588570231
36.4	0.2751	0.20156506	0.376680965	0.284448675	0.087931469561153	0.050767257621371
36.5	0.2718	0.19798906	0.369232965	0.279674008333333	0.085893065816382	0.04959038467061
36.6	0.2786	0.20296506	0.367671965	0.283079008333333	0.082444752867647	0.047599500261408
36.7	0.2803	0.20473906	0.364071965	0.283037008333333	0.079701706787856	0.046015801868841
36.8	0.2781	0.19347406	0.350747965	0.274107341666667	0.078712935969333	0.0454449347706
36.9	0.27	0.18657306	0.346338965	0.267637341666667	0.079909152892002	0.046135570932912
37	0.2692	0.17780206	0.336654965	0.261219008333333	0.079726617435599	0.046030184038021
37.1	0.2703	0.17876706	0.335563965	0.261543675	0.078764346471129	0.045474616637651
37.2	0.2736	0.17853306	0.337451965	0.263195008333333	0.079968759401952	0.046169984767478
37.3	0.2712	0.17662706	0.333822965	0.260550008333333	0.079137253421302	0.045689914565716
37.4	0.269	0.17779606	0.329269965	0.258688675	0.076261579720256	0.044029643580316
37.5	0.26635	0.17636256	0.324578465	0.255763675	0.074672895561217	0.043112416353438
37.6	0.2637	0.17492906	0.319886965	0.252838675	0.073086762420181	0.04219666195749
37.7	0.2606	0.16166106	0.310702965	0.244321341666667	0.075842721465921	0.043787815654424
37.8	0.2526	0.16159106	0.307508965	0.240566675	0.073699453409194	0.042550399264927
37.9	0.2474	0.16529906	0.302677965	0.238459008333333	0.069124502773889	0.039909050284104
38	0.249	0.16047506	0.292154965	0.233876675	0.067129990052837	0.038757517827702
38.1	0.2495	0.16394506	0.286725965	0.233390341666667	0.06295576603352	0.036347528466492
38.2	0.2476	0.16427706	0.284776965	0.232218008333333	0.061705032428298	0.035625417082833
38.3	0.2435	0.15622706	0.283860965	0.227862675	0.065238009444295	0.037665182314059
38.4	0.2442	0.15265706	0.282016965	0.226291341666667	0.066513429379918	0.038401546357221
38.5	0.24	0.15202406	0.270716965	0.220913675	0.061605334800153	0.035567856630386
38.6	0.2453	0.16246006	0.265099965	0.224286675	0.054450963217091	0.031437278271022
38.7	0.2492	0.16415006	0.261605965	0.224985341666667	0.053048804072216	0.030627741311281
38.8	0.2357	0.15908506	0.261683965	0.218823008333333	0.053340964207514	0.030796420044043
38.9	0.234	0.15318306	0.254780965	0.213988008333333	0.053673954884537	0.030988672301059
39	0.2362	0.14551006	0.252094965	0.211268341666667	0.057500227685656	0.033197771932779
39.1	0.2388	0.13883506	0.257361965	0.211665675	0.063752337189502	0.036807429037827
39.2	0.2325	0.13055406	0.249166965	0.204073675	0.064212905812531	0.037073338456313
39.3	0.224	0.12457906	0.239201965	0.195927008333333	0.062254897265174	0.035942881694421
39.4	0.2186	0.11908906	0.229566965	0.189085341666667	0.060866067440712	0.035141040421409
39.5	0.2187	0.12173806	0.225313965	0.188584008333333	0.057984668143332	0.033477463761424
39.6	0.2188	0.12383806	0.217528965	0.186722341666667	0.054463093403169	0.031444281637219
39.7	0.2121	0.12289706	0.211803965	0.182267008333333	0.051416096536078	0.029685097175785
39.8	0.2076	0.12759206	0.208808965	0.181333675	0.046545529175196	0.026873073798873
39.9	0.2109	0.13179806	0.208006965	0.183568341666667	0.044857707930325	0.025898609748803
40	0.212	0.12833806	0.203431465	0.181256508333333	0.046028540912322	0.026574590486135
40.1	0.2131	0.12487806	0.198855965	0.178944675	0.04736161184376	0.027344239347249
40.2	0.2035	0.11703406	0.184353965	0.168296008333333	0.045414570065699	0.026220114252563
40.3	0.2009	0.11343106	0.179260965	0.164530675	0.04555699670516	0.026302344311195
40.4	0.2049	0.10402706	0.180466965	0.163131341666667	0.052623477491775	0.03038217889557
40.5	0.1923	0.09901806	0.176158965	0.155825675	0.049854408974623	0.028783456441788
40.6	0.1819	0.09516276	0.173127965	0.150063575	0.04774737443314	0.027566959482071
40.7	0.1708	0.07811656	0.161604965	0.136840508333333	0.05106382034332	0.029481710421066
40.8	0.1569	0.06800156	0.151011965	0.125304508333333	0.049713058192087	0.028701847529441
40.9	0.1507	0.06528086	0.141905965	0.119295608333333	0.046984343573475	0.027126423409844
41	0.1386	0.05724726	0.135220965	0.110356075	0.046024603663812	0.026572317314648
41.1	0.1361	0.05040576	0.134424965	0.106976908333333	0.048999209721962	0.028289706923054
41.2	0.1286	0.04485836	0.127737965	0.100398775	0.048101341455977	0.02777132243799
41.3	0.1218	0.04248306	0.125674965	0.096652675	0.046952254795419	0.027107896945195
41.4	0.1198	0.04701996	0.121402965	0.096074308333333	0.042489871640237	0.024531538829324
41.5	0.1152	0.04619356	0.119311965	0.093568508333333	0.041079390954952	0.023717197425988
41.6	0.1145	0.04328506	0.111801965	0.089862341666667	0.040359660848517	0.023301661055293
41.7	0.1158	0.03908946	0.106216965	0.087035475	0.041798013179312	0.024132094160668
41.8	0.1111	0.03501356	0.101014965	0.082376175	0.041326020343925	0.023859588970101
41.9	0.1058	0.03004726	0.101178965	0.079008741666667	0.04246479137314	0.024517058730364
42	0.1068	0.02436936	0.095211265	0.075460208333333	0.044623769252382	0.025763545190118
42.1	0.1099	0.01577186	0.083790965	0.069820941666667	0.048594216208468	0.028055883809018
42.2	0.1084	0.01184206	0.079062065	0.066434708333333	0.049501985278889	0.028579984526187
42.3	0.0996	0.01487606	0.079766065	0.064747375	0.04431373702666	0.02558454800114
42.4	0.0971	0.02446546	0.079431965	0.066999141666667	0.037879749501301	0.021869883571412
42.5	0.0932	0.02642891	0.076849115	0.065492675	0.034804039450217	0.020094121545469
42.6	0.0893	0.02839236	0.074266265	0.063986208333333	0.031728454522633	0.018318431759613
42.7	0.08	0.01829906	0.067816065	0.055371708333333	0.032678708800323	0.018867061322636
42.8	0.074	0.01767056	0.066708165	0.052792908333333	0.03063457570708	0.017686880530993
42.9	0.0673	0.01739856	0.058485465	0.047728008333333	0.026633260858742	0.015376720326192
43	0.0632	0.01469916	0.060422165	0.046107108333333	0.027235519192845	0.015724434337508
43.1	0.053	0.01520016	0.056745265	0.041648475	0.022981335410164	0.013268280185396
43.2	0.0559	0.01172676	0.053851865	0.040492875	0.024933225691624	0.014395204564825
43.3	0.0512	0.01306406	0.054997865	0.039753975	0.023192016226926	0.013389916811666
43.4	0.0481	0.01894526	0.058306565	0.041783941666667	0.020426637693911	0.011793324771219
43.5	0.0404	0.01948346	0.047999965	0.035961141666667	0.014767374913346	0.008525947881444
43.6	0.0316	0.01092786	0.037389165	0.026639008333333	0.013910742047544	0.008031370665777
43.7	0.0285	0.00769159	0.032530765	0.022907451666667	0.013330551425791	0.007696397454127
43.8	0.0259	0.01010666	0.032949965	0.022985541666667	0.011697208913382	0.006753386714909
43.9	0.026	0.00797616	0.032113165	0.022029775	0.012548735693506	0.007245015930635
44	0.0278	0.01574626	0.031282965	0.024943075	0.008152840971464	0.004707044929535
44.1	0.0215	0.02124886	0.028370865	0.023706575	0.00404134491574	0.00233327157499
44.2	0.0171	0.01568786	0.017131165	0.016639675	0.000824443242422	0.000475992527944
44.3	0.0113	0.01004986	0.006221835	0.009190565	0.002645889427881	0.001527604973433
44.4	0.0098	0.000375	0.001259235	0.003811411666667	0.005205080263878	0.003005154491503
44.5	0.005	-9.35900000000002E-05	-0.001519465	0.001128981666667	0.003427370286628	0.001978793157597
44.6	0.0023	0.00226736	0.002292885	0.002286748333333	1.71635196953576E-05	9.90936271635617E-06
44.7	0.0047	0.00233436	0.003764045	0.003599468333333	0.001191376204987	0.000687841372655
44.8	-0.0016	-0.00208894	0.001697035	-0.000663968333333	0.002059251838875	0.001188909603503
44.9	0.0016	0.00208894	-0.001697035	0.000663968333333	0.002059251838875	0.001188909603503
